k_index = (3, 0)
epsilon = 0.05
dt = 0.005
sample_interval = 10
dt_sample = 0.05
f_peak ~ 0.049875
omega_peak ~ 0.313376
