k_index = (1, 0)
epsilon = 0.05
dt = 0.005
sample_interval = 10
dt_sample = 0.05
f_peak ~ 4.837905
omega_peak ~ 30.397455
